
"smart_contexts:1770241869990": {"key":"1770241869990","context_items":{"ECE 425/ECE 370 - Dirty Notes.md":{"d":0,"at":1770241869994,"key":"ECE 425/ECE 370 - Dirty Notes.md"},"ECE.md":{"d":0,"at":1770241869994,"key":"ECE.md","score":0.7320540071713993},"ECE 351/ECE 351 Dirty Notes.md":{"d":0,"at":1770241869994,"key":"ECE 351/ECE 351 Dirty Notes.md","score":0.7313055968507434},"ECE 480/ECE 480 Dirty Notes.md":{"d":0,"at":1770241869994,"key":"ECE 480/ECE 480 Dirty Notes.md","score":0.728944662011373},"ECE 511/ECE 511 Dirty Notes.md":{"d":0,"at":1770241869995,"key":"ECE 511/ECE 511 Dirty Notes.md","score":0.6799312012708862},"ECE 425/ECE 425 Dirty Notes.md":{"d":0,"at":1770241869995,"key":"ECE 425/ECE 425 Dirty Notes.md","score":0.6631342335397904},"Templates/Equation Definition.md":{"d":0,"at":1770241869995,"key":"Templates/Equation Definition.md","score":0.6377205208127028},"Templates/Concept Definition.md":{"d":0,"at":1770241869995,"key":"Templates/Concept Definition.md","score":0.6081925245107276},"CSUN Electrical Engineering Bachelors Degree.md":{"d":0,"at":1770241869995,"key":"CSUN Electrical Engineering Bachelors Degree.md","score":0.6058714846535533},"Templates/Prelecture Setup.md":{"d":0,"at":1770241869995,"key":"Templates/Prelecture Setup.md","score":0.5663710731327446},"Templates/Example Solution - Dirty.md":{"d":0,"at":1770241869995,"key":"Templates/Example Solution - Dirty.md","score":0.5556468226197401},"Templates/Lecture Recap.md":{"d":0,"at":1770241869995,"key":"Templates/Lecture Recap.md","score":0.5484119792925833},"Templates/Example Solution - Cleaned.md":{"d":0,"at":1770241869995,"key":"Templates/Example Solution - Cleaned.md","score":0.5449694465135753},"Templates/Example Problem.md":{"d":0,"at":1770241869995,"key":"Templates/Example Problem.md","score":0.5394447502889437},"Compendium Of Knowledge.md":{"d":0,"at":1770241869995,"key":"Compendium Of Knowledge.md","score":0.5250542270508165}},"context_opts":{},"class_name":"SmartContext"},
"smart_contexts:1770241869990": {"key":"1770241869990","context_items":{},"context_opts":{},"class_name":"SmartContext"},